  86  59  42 192   8 132 170 151 128 248  42 157  71   0 250 199
 233 247   0 255 215 202 225 105 154 165  74  33  87  46   3  27
  83 126  27  76 221  63  54 194 120  34 216 207 103  75 140 247
 108  76 106  55 112  31 148 252  37  93  41  72 212  91 232 193
  73 124 137 105  97  79  96  98  29 250  29 115 250  40 197 143
   0  88  23  22  58 106 207  68  84 209 174 214 128 234 107 148
 116  98 252 143 228  97 228 194  63 171 105  41 184 232 108  57
 254 121  46  27 252  79  56 125 227 196 139  60 226   2  77  17
 106  22 247 145 173   3  13  81 171  32  89  16 212  22 177 212
 100 132   6 187 191 142 105 138 222 140 139  79  64  63  69 187
 179 248 158  88 146  47  60  32  55 168 173   0   8 215  98 133
  45 213  12 130 215 207 123  84 159 167 247 248 109 101  92 215
 187 161  45  32 209  81 211 176 245 159 150 219 221 132 161  88
 112  97 140  42 133 185 128  31 141 151 172 202  58 238 155 129
  29  32 239 115 203 253 182 253 151 148 233 169 139 155  50  24
   4 154  47  58 237  30 211 239 130 114 126  27 132 221 177  17
 191 114  80  57  30  62 109 193 176  59  41 179  83 208   9   0
  90  99  75 180   7  11  43 119  34  78 140 211 234 186 250 147
 153 137   8 177 175  98 159 141 199  55 210  16  54  56  22  67
   0 146  27  37 247 161 215 212   6 127 100  61 240 184 186 148
 236 127 222  48 186 155 179  43  96  22 150 108 233  77  46  75
  46 136 173 119 156  11  49   0  89 186 194 138 192 205  31  37
 100  92 209 241  95 104  31  52 220  96 135  96  58  64 188 185
 145   1 246  77  39 197 152  31  43  27 129  36 102 176 124 156
  63 212  85 102 164  65  10  83  88 204 239  68   3  25  40  72
  60  76 240  22  73 100  59  60  99 224 145 132  95 247  76 230
 184 188 161 154  85  56 164 155 169 197 161 223 157   3 174 142
  12  79 107  97  26 236 249 162 131 177  61  19 230 169  61 195
 175 224 237 223   3   1  98 131 141 147 221  98  61 105 153  38
  35 141 155  63   9 224  14  24 254  19 253 161  22 254 162 231
  90  14 212 142 158  20 134 103 202 120 165 136 219  78 247 181
 151 112 117 120  80  40 162  76 205 225  28 225 253 226  75 129
 228  88  31 173  83   4 165  45  73  85 246 173 103  79 191  11
  10  38 154  42 145 237 127  55 179 139 166  49 243 100  98 253
  19 101  51 230  99 204  11  54  42 247 190  25 234 127 236  33
 219 190  42 129 212 107  61  13  80 131 153  37 110 238  56 106
 128  99 190  41 214 211  35 212  41 244  65 188 168 120 194  97
  24 153 151  75  67 191 211 207  60   2 165  32  73  99 211 165
 162 101 185 166 160 183 189  48  96  61 209  79 140  71 194 250
  23 209  87  77 122 236 239 150 248 181  86 156 142 197  81 252
  65 168  66  39 211  50  29  32 218   9  32 210 234   9 183  65
  43 124 127  94 218  95 101 133 119 166 195  92  25   8   2  87
 143 193 191  50  57 186 115 222  73 141 199 246  76 118 236 220
 110 123  44 135 246  77 126 175  69 119 171 164 244 166  37 203
 231 158  15 192 254 209  37   5  95  77 171 141 132 111  14  15
 112 200  80 163 154 214 176 126  53 213  43   0  32 164 101  71
 108 255 148  29 156 113 241  71 116 203 177  30 244  11 181 212
 202 165 144 132 210 244  29  78  52  48   4 107 100 222 156   0
 178 103 114 107 195   5   2   5 177 221 230 177  93 182 175  93
 242 210 151 243 209  35  32  19 142 129 106 231 182 175  93 255
  91 150  10 110 120 128 203 205  84 251 252 225 148 168  96 177
 164 148  43 167 100 111 202 103 156 254  89 103  48  66  23 224
   9 244 211  64  37  77 108  95  92 166  60 107  79 235 112 255
 121 177  16 229  37 242 200 119  82   6 207  77  32 142 242 129
 176  93 249 185  27  93 128  64  53 145 212 186  38  26 180 173
 162 150  22 117  69 221 123 147   7 117  35   5  44 135   5  91
  15 192  56 212 149 183 184 218  67 161  82 109 180 238  44 184
  55  12 126 190  98  26 130  63 114  57 175 197 181  78 122  29
 131 125 226 111 161 106  62  74 255 237  61  71  16  77 216 183
 156 213  32 146 167  79  49 218  85   4 240 149 239 252 154  29
 129  34  92 183 107 226 201  38 118 105 207 236  68 210 180 195
 141 222 248 120 136  90 249 161 203 171 176 172 112  57 232 156
 115  51 221 227 196 141  14 180
